[?25l[0m [38;2;0;0;0m         [0m [38;2;32;118;155m▂[38;2;44;163;213m▄[38;2;45;166;218m▆[38;2;48;178;233;48;2;26;95;125m▆[38;2;49;180;236;48;2;35;130;171m▆[38;2;48;180;236;48;2;36;133;175m▆[38;2;48;179;234;48;2;29;106;139m▆[0m[38;2;47;171;224m▆[38;2;46;171;225m▄[38;2;32;121;160m▃[0m     [38;2;0;6;11m    [0m
 [38;2;0;0;0m        [38;2;26;99;130m▗[7m[38;2;43;159;209m▘[0m[38;2;45;167;219;48;2;48;179;234m▔[38;2;48;180;236;48;2;49;179;235m▘[38;2;50;180;236;48;2;49;179;234m▆[48;2;49;179;236m [38;2;48;179;234;48;2;49;180;236m▁[38;2;30;138;199;48;2;48;178;234m▂[38;2;16;113;181;48;2;47;175;232m▄[38;2;6;98;172;48;2;36;155;216m▄[38;2;6;104;181;48;2;40;159;218m▆[38;2;3;104;185;48;2;35;152;215m▆[38;2;2;108;191;48;2;11;81;126m▆[0m[38;2;0;109;195m▆[38;2;0;112;200m▆[7m[38;2;0;84;150m▗[0m  [38;2;0;1;2m   [0m
 [38;2;0;0;0m      [0m [38;2;26;101;135m▗[38;2;28;109;143;48;2;45;172;229m▘[38;2;48;180;236;48;2;47;177;234m▔[38;2;49;179;236;48;2;48;178;235m▝[38;2;48;179;235;48;2;49;180;236m▅[38;2;50;181;237;48;2;49;179;236m▗[38;2;32;139;197;48;2;48;176;232m▗[38;2;13;97;163;48;2;38;153;211m▅[38;2;17;112;177;48;2;7;89;159m▔[38;2;6;90;163;48;2;6;92;166m▍[38;2;6;94;169;48;2;5;96;173m▌[38;2;4;98;176;48;2;4;100;180m▌[38;2;4;102;183;48;2;3;104;186m▍[38;2;2;106;189;48;2;1;108;192m▍[38;2;0;110;196;48;2;0;114;203m▊[0m[7m[38;2;0;88;158m▗[0m [38;2;0;29;53m     [0m
 [38;2;0;0;0m      [0m [7m[38;2;38;150;201m▘[0m[38;2;45;179;239;48;2;44;174;233m▎[38;2;45;175;234;48;2;46;176;234m▄[38;2;47;177;235m▝[48;2;47;177;234m▗[38;2;30;132;190;48;2;45;172;229m▗[38;2;28;129;188;48;2;10;84;148m▘[38;2;8;83;150;48;2;7;84;153m▍[38;2;7;87;157;48;2;7;89;161m▋[38;2;6;90;163;48;2;6;93;166m▌[38;2;6;94;169;48;2;5;96;173m▌[38;2;4;98;176;48;2;4;100;180m▌[38;2;4;102;183;48;2;3;104;186m▍[38;2;1;105;188;48;2;1;109;195m▊[38;2;0;110;196;48;2;0;80;143m▋[0m  [38;2;0;0;1m     [0m
 [38;2;0;0;0m     [0m [7m[38;2;30;125;170m▌[0m[38;2;37;155;210;48;2;42;172;234m▏[38;2;42;170;230;48;2;43;172;232m▏[38;2;44;173;233;48;2;45;174;233m▆▃[38;2;43;169;228;48;2;45;176;235m▕[38;2;36;147;206;48;2;18;105;165m▍[38;2;8;75;139;48;2;9;82;147m▌[38;2;8;83;150;48;2;7;84;153m▌[38;2;7;86;156;48;2;7;88;160m▍[38;2;6;90;163;48;2;6;93;166m▌[38;2;6;94;169;48;2;5;96;173m▌[38;2;4;98;176;48;2;4;100;180m▌[38;2;4;102;183;48;2;3;104;186m▍[38;2;1;105;188;48;2;1;109;195m▊[38;2;0;109;195;48;2;0;71;127m▋[0m  [38;2;0;0;1m     [0m
 [38;2;0;0;0m    [0m [7m[38;2;20;86;118m▋[0m[38;2;29;123;169;48;2;39;168;231m▘[38;2;40;170;233;48;2;40;168;230m▏[38;2;41;169;231;48;2;42;171;232m▅[38;2;41;170;232m▂[38;2;42;171;232;48;2;43;172;232m▅[38;2;42;167;227;48;2;43;174;235m▕[38;2;34;146;206;48;2;17;104;165m▍[38;2;8;75;139;48;2;9;82;147m▌[38;2;8;83;150;48;2;7;84;153m▌[38;2;7;86;156;48;2;7;88;160m▍[38;2;6;90;163;48;2;6;93;166m▌[38;2;6;94;169;48;2;5;96;173m▌[38;2;4;98;176;48;2;4;100;180m▌[38;2;4;102;183;48;2;3;104;186m▍[38;2;1;106;189;48;2;1;108;193m▋[38;2;0;105;186;48;2;0;111;197m▔[0m[38;2;0;93;166m▖[0m [38;2;0;10;18m     [0m
 [38;2;0;0;0m    [0m [7m[38;2;31;145;203m▘[0m[38;2;39;171;238;48;2;36;164;229m▘[38;2;38;166;230;48;2;39;167;230m▅[38;2;40;168;231m▝[38;2;39;167;231;48;2;40;169;231m▃[38;2;40;169;231;48;2;41;170;232m▆[38;2;39;168;231;48;2;42;170;232m▂[38;2;26;129;189;48;2;39;164;226m▝[38;2;23;124;186;48;2;11;84;148m▖[38;2;43;104;162;48;2;9;83;151m▁[38;2;36;103;165;48;2;6;86;158m▂[38;2;22;100;169;48;2;6;91;165m▁[38;2;6;94;169;48;2;5;96;172m▌[38;2;4;97;175;48;2;4;99;179m▎[38;2;4;102;183;48;2;3;104;186m▍[38;2;2;106;189;48;2;2;108;192m▍[38;2;1;110;196;48;2;0;111;198m▌[38;2;0;98;175;48;2;0;112;200m▕[0m[38;2;0;109;194m▖[0m [38;2;0;22;40m    [0m
 [38;2;0;0;0m  [0m  [7m[38;2;25;127;181m▌[0m[38;2;29;150;213;48;2;32;160;228m▏[38;2;36;163;229;48;2;33;160;227m▝[38;2;34;162;228;48;2;36;163;229m▃[38;2;35;162;228;48;2;37;164;229m▁[38;2;64;171;230;48;2;39;165;229m▗[38;2;192;222;242;48;2;58;172;231m▂[38;2;223;239;248;48;2;70;176;232m▄[38;2;236;245;251;48;2;110;190;235m▅[38;2;244;249;251;48;2;131;175;211m▆[38;2;251;252;252;48;2;147;169;198m▆[38;2;251;251;252;48;2;148;172;202m▆[38;2;246;248;250;48;2;135;160;197m▆[38;2;238;243;247;48;2;115;151;197m▅[38;2;213;224;237;48;2;36;111;183m▅[38;2;178;201;226;48;2;31;113;188m▃[38;2;77;140;202;48;2;6;107;191m▂[38;2;2;110;196;48;2;1;112;200m▌[38;2;1;114;203;48;2;0;116;206m▋[38;2;0;114;204;48;2;0;118;209m▔[0m[7m[38;2;0;103;183m▝[0m[38;2;0;65;116m▖[0m [38;2;0;3;6m  [0m
 [38;2;0;0;0m  [0m [7m[38;2;15;83;121m▋[0m[38;2;23;127;184;48;2;28;152;220m▏[38;2;29;158;228;48;2;29;157;226m▏[48;2;31;158;227m [38;2;51;163;227;48;2;32;159;227m▗[38;2;189;220;242;48;2;74;172;230m▃[38;2;235;245;250;48;2;144;200;236m▆[38;2;232;243;249;48;2;252;253;253m▔[38;2;252;253;254;48;2;253;254;254m▘[38;2;254;254;254;48;2;252;253;254m▆[38;2;253;253;254;48;2;254;254;254m▔  [38;2;254;254;254;48;2;253;253;253m▆[48;2;252;253;253m▆[48;2;253;253;253m [38;2;240;245;249;48;2;252;252;253m▔[38;2;244;247;251;48;2;174;197;226m▆[38;2;199;217;238;48;2;64;136;206m▄[38;2;83;146;212;48;2;3;115;205m▖[38;2;1;117;208;48;2;0;118;210m▏[38;2;0;119;211m▕[38;2;0;82;146;48;2;0;114;202m▔[0m[38;2;0;103;183m▖[0m [38;2;0;13;23m [0m
 [38;2;0;0;0m  [0m [38;2;13;78;116;48;2;23;138;205m▘[38;2;27;155;228;48;2;25;152;223m▘[38;2;27;153;224;48;2;28;154;225m▌[38;2;79;169;228;48;2;31;155;225m▕[38;2;64;165;227;48;2;191;221;242m▘[38;2;230;241;248;48;2;249;251;253m▔[38;2;252;253;254;48;2;253;254;254m▘[48;2;254;254;254m          [48;2;253;253;254m [38;2;240;246;250;48;2;252;252;253m▔[38;2;106;162;219;48;2;218;230;244m▝[38;2;87;154;219;48;2;15;120;210m▖[38;2;1;118;211;48;2;0;119;211m▖[38;2;0;118;210;48;2;0;119;210m▝[38;2;0;106;189;48;2;0;118;210m▔[0m[7m[38;2;0;79;141m▝[0m [0m
   [7m[38;2;15;106;160m▘[0m[38;2;23;145;218;48;2;22;147;223m▔[38;2;23;148;223;48;2;24;149;223m▄[38;2;29;150;223;48;2;23;150;223m▁[38;2;204;227;244;48;2;94;174;229m▗[38;2;227;238;248;48;2;251;253;253m▎[38;2;252;253;254;48;2;253;253;254m▏[48;2;254;254;254m            [38;2;252;253;253;48;2;253;254;254m▝[38;2;237;244;250;48;2;250;252;253m▕[38;2;202;220;241;48;2;87;153;219m▋[38;2;51;134;214;48;2;1;118;210m▖[38;2;1;120;211;48;2;0;119;211m▖[38;2;0;118;211;48;2;0;118;210m▌[38;2;0;95;169;48;2;0;119;211m▕[0m[38;2;0;81;144m▖[0m
  [38;2;12;97;151m▗[38;2;14;116;180;48;2;18;142;218m▏[38;2;19;143;220;48;2;20;146;222m▅[38;2;20;144;221;48;2;22;147;222m▄[38;2;155;196;233;48;2;42;152;223m▗[38;2;164;206;237;48;2;240;246;250m▘[38;2;251;251;252;48;2;252;253;253m▃[38;2;252;252;252;48;2;254;254;254m▃▃▃▃▃▃▃▃▃▃▃▃▃▃[38;2;251;251;251;48;2;252;253;253m▂[38;2;216;231;245;48;2;244;247;251m▔[38;2;170;198;232;48;2;55;140;215m▍[38;2;15;119;210;48;2;0;118;211m▏[38;2;0;118;210;48;2;0;119;210m▕[38;2;0;117;206;48;2;0;119;212m▕[0m[38;2;0;99;175m▋[0m
  [38;2;8;74;117;48;2;14;130;206m▘[38;2;15;138;218;48;2;17;141;220m▆[38;2;15;139;219;48;2;18;141;220m▂[38;2;89;161;223;48;2;23;142;220m▕[38;2;102;174;226;48;2;207;224;238m▘[38;2;251;251;249;48;2;246;246;246m▘[38;2;245;245;245;48;2;248;248;249m▅[48;2;249;249;249m▅▅▅▅▅▅▅▅▅▅▅▅▅▅[48;2;248;248;248m▄[38;2;243;244;244;48;2;248;248;249m▄[38;2;231;237;242;48;2;165;193;228m▊[38;2;113;168;221;48;2;20;123;211m▖[38;2;0;118;209;48;2;0;119;211m▕[38;2;0;113;200;48;2;0;120;213m▕[0m[38;2;0;90;160m▋[0m
 [7m[38;2;7;102;166m▘[0m[38;2;11;133;215;48;2;12;136;219m▗[38;2;12;135;217;48;2;14;136;218m▖[38;2;31;138;218;48;2;16;138;218m▁[38;2;211;222;233;48;2;96;166;222m▗[38;2;214;225;235;48;2;240;239;239m▏[38;2;237;238;238;48;2;241;241;242m▅[38;2;238;238;238;48;2;242;242;242m▅▅▅▅▅▅▅▅▅▅▅▅▅▅▅▅[38;2;238;238;237;48;2;241;241;241m▄[38;2;238;240;242;48;2;239;239;239m▔[38;2;202;215;231;48;2;89;156;216m▋[38;2;57;132;212;48;2;3;118;210m▖[0m[7m[38;2;0;106;188m▗[0m [0m
[38;2;4;89;150m▗[38;2;6;107;179;48;2;7;127;209m▂[38;2;41;119;178;48;2;11;132;215m▂[38;2;122;159;194;48;2;22;136;217m▃[38;2;186;198;212;48;2;71;152;217m▅[38;2;190;190;190;48;2;224;228;232m▂[48;2;233;233;233m▂▂▂▂▂▂▂▂▂▂▂▂▂▂▂▂▂▂[38;2;189;189;189m▂[38;2;183;183;183m▂[0m[7m[38;2;220;222;225m▂[0m[38;2;109;155;204m▘[0m [38;2;0;32;57m [0m
[?25h